2.535847384258969051e-01
6.275020556607610600e-02
4.557420875183090803e-02
1.904004849889809337e-01
1.117766919383791913e-01
1.321665764101198626e-01
3.227293006269352227e-02
1.193847102046610154e-01
1.961309392544103788e-02
3.895723227201979694e-02
1.169815756893199249e-01
3.761748951380941564e-02
2.150707687043572347e-01
6.638584724444239471e-02
3.263484780328185925e-02
2.982313574095313974e-02
5.079877247286929132e-02
1.088864862976269554e-01
5.228682980487581178e-02
5.529965616002103374e-02
1.830935114130817221e-01
4.318127234049889962e-02
1.340451769306361951e-01
1.194873310437302022e-01
6.170912624996784807e-02
1.118185561376874165e-01
5.792432905645210350e-02
1.077376672178388395e-01
1.163772883872747355e-01
7.928578116153879585e-02
5.175621014400703934e-02
3.591712839324544965e-02
7.087359419907190983e-02
2.463247640052854959e-01
1.131371913943409330e-01
1.256014170871557756e-01
1.629491331581665592e-01
2.332427173008337976e-02
1.113078553933304904e-01
6.724891288388751276e-02
2.021981418967782607e-01
6.107416006897613964e-02
5.076248722779284211e-02
6.327059375136570574e-02
3.842174092196512514e-02
4.908586873107246423e-02
4.424996688900924291e-02
1.300558420814037497e-01
3.302610323701932193e-02
8.237909291204267848e-02
1.775202921246443188e-01
1.059444818432787594e-01
4.740253622142499845e-02
7.493970716850370528e-02
5.633920269495749228e-02
1.982523779228211880e-01
1.186580907555652709e-01
2.590961535109929104e-01
5.232934084975090355e-02
1.595349478038262103e-01
4.520341344003969003e-02
2.072363933310127360e-01
8.800950730382732512e-02
1.186749094555862860e-01
3.647571162473966372e-02
7.379377638985501475e-02
1.075763146260363540e-01
5.095027380921086230e-02
8.148513128476483902e-02
1.021461328881061170e-01
2.010426589766798888e-01
5.378614978487503834e-02
1.095527951970494962e-01
1.118477850099855175e-01
1.853675666197595329e-01
7.481178557667753082e-02
1.617811565366185644e-01
4.013425084247765340e-02
1.553861735567459990e-01
2.785202257223989494e-02
5.586480893227937367e-02
2.305107749310115473e-01
4.950442092708215447e-02
1.495017292133420106e-01
7.884859890643365621e-02
1.707588226720702373e-01
4.520956440029051671e-02
1.020669951754976379e-01
8.945243040492972808e-02
2.371050883248275454e-02
5.150468141027593483e-02
1.104140161661930075e-01
5.021404854189874534e-02
7.780887521050854072e-02
4.365853083740424412e-02
3.930664571114375616e-02
3.474607801290110348e-02
1.353772493002943500e-01
5.387945011401455708e-02
4.563964891774385108e-02
5.130670289131716161e-02
1.025890784179621373e-01
5.779044590081675731e-02
3.943897995446580401e-02
1.153978977578630771e-01
3.717243424330908264e-01
1.276066465480617251e-01
6.664614803978538560e-02
5.506193715845928566e-02
9.078215123036453837e-02
7.485476820280484445e-02
1.381868950125088868e-01
6.259573069915469468e-02
9.386653971557985809e-02
6.933850721415547869e-02
1.247361524713765657e-01
8.129877775740813883e-02
8.307111226929007886e-02
4.313885687317541712e-02
8.532525721563291587e-02
5.269640774976735997e-02
1.321789970881332710e-01
4.134636297295304214e-02
1.099597268820891316e-01
1.468120117686810555e-01
5.263645804665052080e-02
4.522887692656148845e-02
6.461384544481701964e-02
1.271979572725807361e-01
3.693852884284964944e-02
8.934531548872941265e-02
4.176149386565221333e-02
2.329764614480061558e-01
5.769844172377659730e-02
9.750791601482752813e-02
2.978481092347876058e-02
1.210364056597055538e-01
5.985254015180358628e-02
3.154743600166553530e-01
2.427631262146799085e-01
1.135921149099841515e-01
4.732823523020167344e-02
5.151555517517602406e-02
1.378314238618346954e-01
7.846327950583167898e-02
2.926601297578871816e-02
7.051971180880475809e-02
4.063254628118179862e-02
1.282324320419150621e-01
5.936009938270474934e-02
2.324435535583772514e-02
8.177765946111570372e-02
5.225567404391889131e-02
1.425863491629511259e-01
9.434890437802732899e-02
5.313861052769228849e-02
2.037588218397219375e-01
1.302573905428198175e-01
1.588046101797174481e-01
5.534024917111647623e-02
1.594459083295890478e-01
2.278009171034987013e-01
7.334278018260588505e-02
1.340087674844403220e-01
1.208125277676842801e-01
1.984390530655116280e-01
5.877194221147587216e-02
7.202991913601074214e-02
1.793475067842442705e-01
3.659449121001785016e-02
1.948969867976898251e-01
7.664784692077593331e-02
5.309689888050049544e-02
7.253250474159847472e-02
3.333884374297461234e-02
1.465882567688185367e-01
2.241922717112032615e-01
3.942812086403371663e-02
5.562862174495160350e-02
1.359625207438043826e-01
4.773429123296354243e-02
2.606423726424859227e-02
1.615672763549480806e-01
1.755621750716908347e-01
1.581673436417945222e-01
7.380600497322198361e-02
1.238209294690252177e-01
2.037556023661434013e-01
8.749978146126061174e-02
3.958791196476824786e-02
1.291624112539122848e-01
6.969593790111860976e-02
9.241862860547150893e-02
7.584946671973037680e-02
2.589079898712821071e-01
9.617051140670716813e-02
1.745887098827641482e-01
5.826913689098543042e-02
1.156572417901974570e-01
1.621235318550300064e-01
1.236267960469858290e-01
9.160846943233019735e-02
1.119635403681995128e-01
7.276571173632903622e-02
8.767419753559428652e-02
3.377385992914513912e-01
3.863070888970680794e-02
1.188991281826542318e-01
6.387430940279137381e-02
7.985562558138048495e-02
6.082744835872293948e-02
4.769581810012630402e-02
1.059765981524926765e-01
1.058453481739727725e-01
3.233344777405288556e-02
5.657326078215574316e-02
1.068965998149112306e-01
3.750077782929320258e-02
6.558995532903391656e-02
4.336841007560375549e-02
4.638665438747818087e-02
4.540753338373271913e-02
5.935429405557227089e-02
1.125066026458500373e-01
7.902440750619860177e-02
6.707650232398902623e-02
8.555780006542883231e-02
4.848143710708498200e-02
9.450366821206150625e-02
1.529553027333454274e-01
1.045992009606944717e-01
7.439389170527008210e-02
1.681178168542430684e-01
9.595953454779131142e-02
9.727723833831537770e-02
3.866528634276640564e-02
5.111000806810411801e-02
8.078474515682596002e-02
9.887993393187360924e-02
2.837951334660982969e-02
2.434308823401228755e-02
3.914666068243088243e-02
8.516606648676924851e-02
2.782324259590669424e-01
1.306189777758763881e-01
8.623896481663928526e-02
2.055976170063135156e-01
5.220405886854832117e-02
2.091819873815549402e-01
1.906634740819538598e-01
7.790570806518556934e-02
2.375030948022223976e-01
7.861786768147904780e-02
5.040557050134696765e-02
1.705499694113328801e-01
2.236371707511216333e-01
2.518909952496578217e-02
3.093747567269748699e-02
2.138711216340696275e-01
8.497336429021011550e-02
4.894308262185772390e-02
9.926036487153999666e-02
5.741760362468582152e-02
2.096995839997591315e-01
5.920268113162113766e-02
5.056307912909629998e-02
1.018173497450458598e-01
1.054538228333690708e-01
4.550187386362739006e-02
1.610051822428239798e-01
4.169374612690656540e-02
6.291228710639937272e-02
1.055169520097141433e-01
1.739749129330670219e-01
3.347156076291319532e-02
6.593181518822470444e-02
9.160304589352369353e-02
7.673717194822646248e-02
6.044100511586505964e-02
5.220615644777729797e-02
7.813989222774012089e-02
2.741522813554235841e-02
2.234147262356490082e-01
2.983498222789494544e-02
7.816794241968653967e-02
4.344025606401408918e-02
6.933348411271249290e-02
9.260193770441059458e-02
2.051857135553454559e-01
2.955241742502948479e-02
1.454905832738135341e-01
5.005007548627580377e-02
1.043737652298124818e-01
1.312614151235970972e-01
7.172184819676544199e-02
1.171806173459581241e-01
1.452310260202062664e-01
4.081494237133965336e-02
7.027644681826958339e-02
3.225299420608138817e-02
1.950400245679826672e-01
1.429119628850643031e-01
6.205884857531503151e-02
7.700051299546618877e-02
2.507640368526796726e-01
7.336737615299748771e-02
7.469792960086057976e-02
5.138581010116663461e-02
4.687654137526049009e-02
5.506475852746951782e-02
6.614297970635377166e-02
2.858210486531550035e-02
5.019019844905683869e-02
8.905540731653537045e-02
1.620933350843710985e-01
1.123534141361706290e-01
1.897968482881775276e-01
7.155032120397993023e-02
8.033900017319789422e-02
1.491640102408717805e-01
8.812970081914173193e-02
2.014007034552665609e-01
8.527475499885055210e-02
3.418838401324989507e-01
3.548290641268780909e-02
2.090651397340884399e-01
7.615005845230755910e-02
9.941632126558996863e-02
1.246644723354651402e-01
5.406831679959893389e-02
1.109909100991364472e-01
1.975906356575780065e-01
8.165513868570574429e-02
8.030126430181680486e-02
9.101191293219815237e-02
9.545254963554360150e-02
3.266283062358462524e-02
9.329989948947620126e-02
1.913745635569205905e-01
6.443410618739896234e-02
9.555567395118538809e-02
1.575436634688616999e-01
5.260491809126972146e-02
3.752119819648216253e-02
7.633902213031684703e-02
8.986109479556539381e-02
7.561411308223787986e-02
1.601685461285788092e-01
1.157217011439605897e-01
1.597726878467912726e-01
1.493484982659634419e-01
5.427622780776546890e-02
3.437059008122917564e-02
4.720331303241327020e-02
1.767929665181061372e-01
9.243820993503190642e-02
1.194149639590951079e-01
3.389882369973801907e-02
1.625799293452381000e-01
1.069417519745404638e-01
6.517125514942556652e-02
9.761200228685269764e-02
2.643492174277513596e-01
1.303912403967069367e-01
6.827534874196856951e-02
1.927380572404389092e-01
1.931284264662259942e-01
1.251758250982503151e-01
1.547694178725254888e-01
1.061112997846209993e-01
1.179241356015799796e-01
6.424454589058001264e-02
8.398536667124140154e-02
5.118324015503135371e-02
1.245844473654812157e-01
3.521744409929574576e-02
8.109214715425727693e-02
5.845976896749294910e-02
6.811312277836105433e-02
9.313874293402985005e-02
8.112045317247738863e-02
3.236044698650820950e-02
9.206693722507400257e-02
1.161846429045170215e-01
7.980656265677844863e-02
3.084168895640362340e-01
2.081535482112289170e-01
6.089789764852265169e-02
4.231007360215895824e-02
9.512394751692072881e-02
1.336617490964521482e-01
4.486497329696285258e-02
1.047513670097767330e-01
8.066180667834754736e-02
4.392042999333525821e-02
4.003208271501520338e-02
7.416898677984126720e-02
5.680570632464880532e-02
3.509038140613506690e-02
4.312284642095792070e-02
7.363658601908325274e-02
1.246014381213726707e-01
1.681880640949170447e-01
9.609012939159153333e-02
9.457771469030860911e-02
7.963049584957748728e-02
9.991260080482457229e-02
5.305383872452506394e-02
1.262956149832342723e-01
1.219524405487062563e-01
3.365109496178958493e-01
5.327817576970348551e-02
4.232500464022206227e-02
1.672890940356577538e-01
2.560310546271497012e-01
6.389147339134340631e-02
1.721307288168590077e-01
5.977185023474550218e-02
8.300501290819339850e-02
9.179323113716723881e-02
3.564778427480687351e-02
6.288497493195627230e-02
4.049976738544139310e-02
1.824188472805399197e-01
9.144097787583993497e-02
9.236560585311644200e-02
2.436929897127747546e-01
9.352563785971859667e-02
3.347398731455144411e-02
4.917126208193187825e-02
1.605627045819170429e-01
1.168065865706383738e-01
3.536171400571266193e-02
7.155364369643324451e-02
1.424723713475120890e-01
6.050343661188803401e-02
9.604511017492418923e-02
8.143215568152756267e-02
8.754313976686924070e-02
1.537260036290918341e-01
3.753402067968131250e-02
6.022599494728780173e-02
8.899829227161352996e-02
1.083247790266410465e-01
5.205915688534246827e-02
1.677273392064108637e-01
1.814517921385950805e-01
3.332680198380998104e-02
4.059874240483218183e-02
7.113127790887066593e-02
1.871244472085001331e-01
5.343375447486933827e-02
7.804852448465661452e-02
2.239421120998829617e-01
3.734299815671029282e-02
2.265384070039961339e-01
7.915363219042621801e-02
8.247409280693376865e-02
1.104224451779056287e-01
5.675670166102306236e-02
1.021999090349987038e-01
4.813486766546647144e-02
7.885545218656504762e-02
8.588442425415025727e-02
9.026742427491141196e-02
8.969293407266741569e-02
6.152783248119188947e-02
4.509727390357910065e-02
9.169799787940319247e-02
1.105853359725487844e-01
9.210215979754250715e-02
1.536189365116194805e-01
7.645274590194316156e-02
7.328489847488894871e-02
2.303778019281087566e-02
1.159512343457090588e-01
1.057730352974781546e-01
1.245306163182275105e-01
1.546181880159372968e-01
2.090154815853053349e-01
1.272381088508861835e-01
5.907758719842734485e-02
1.015745682313412140e-01
1.590737545519129575e-02
9.095976065329902660e-02
1.832013629858653958e-01
1.637807055158247704e-01
4.741937204405743261e-02
8.423143346190384295e-02
1.053156239081889795e-01
9.919775256583196477e-02
1.288079056157375446e-01
1.611443170661808200e-01
1.892536422869059431e-01
1.013972156414708059e-01
9.892953100883004891e-02
9.465823345899319896e-02
9.148549472182906928e-02
1.264046500958999897e-01
7.853474943803370745e-02
6.402391304936136396e-02
1.755532015368383436e-01
3.950533771407929717e-02
4.174382772390147073e-02
3.441544864243442636e-02
1.357827461734346097e-01
4.469281296715526403e-02
8.478913609365779092e-02
6.076780873714963949e-02
7.743212470852003926e-02
1.074618508183357996e-01
5.922745491795364942e-02
4.332358126917430774e-02
4.431836158039845208e-02
1.334700178767895262e-01
2.215485958039712377e-01
8.229534797097748378e-02
4.487331653533187525e-01
6.677558934305395655e-02
6.886096441845249161e-02
1.012489957396589674e-01
2.523812934072652836e-01
1.082936734948717616e-01
4.982048926831795371e-02
1.031403905932430226e-01
1.152258824631254563e-01
8.144468357916512247e-02
1.009530355464997031e-01
7.664154720558361000e-02
3.527517491233711500e-02
7.998977837606724428e-02
4.664536949123253978e-02
5.651189130109621900e-02
9.723822193333657438e-02
8.780397431693755250e-02
8.292700036630565319e-02
1.671851321397777868e-01
5.215792708710466352e-02
4.536023549215908307e-02
6.877313942422479121e-02
8.646767093500454249e-02
4.508395891980953446e-02
1.077091087626077248e-01
4.546263867601017111e-02
7.196672238778990816e-02
1.903525548018758506e-01
6.226848667626816436e-02
4.755275404274444950e-02
2.614822452710634515e-01
3.856310173368267952e-02
5.926356165844036405e-02
3.802273638585569326e-01
8.970432401490141539e-02
2.267553834196807672e-01
1.811099719385526330e-01
3.641791085395566785e-02
2.457395085595978634e-02
1.643134170819119388e-01
2.549748772604379377e-01
7.216315719615253033e-02
9.726836937929542182e-02
3.379893151571589788e-02
6.289400901828694213e-02
7.633353175648081856e-02
1.141239306066348935e-01
2.960345777599784553e-02
3.459287305534105433e-02
7.553547570348151385e-02
2.263216302916462863e-01
5.445984132321898818e-02
5.594199629333920093e-02
6.130040465438558323e-02
1.263313741808588242e-01
6.090249981221381587e-02
1.217915421665905495e-01
1.048794512746105967e-01
3.459179667126974222e-02
8.595981884893678926e-02
7.834443431909479671e-02
8.128234377769916197e-02
1.653394084216928128e-01
1.154891336437202654e-01
5.913864772557808624e-02
1.011538226638536986e-01
1.314140924094616414e-01
2.187099362372391387e-01
3.094354428600127119e-02
1.580314270770741547e-01
1.192605762689959159e-01
6.127007506851431945e-02
1.235877635388971385e-01
4.222831113932287717e-02
8.541353491719362589e-02
5.824155236307030498e-02
4.615463010400783217e-02
7.295721199440982629e-02
2.766934506830014961e-01
1.117643247448981692e-01
1.327395112452049442e-01
9.092984104998982908e-02
2.126200889308331177e-01
1.272147081774078481e-01
3.395413551882550673e-02
1.204574095420395258e-01
1.625375436464322754e-01
9.986010837882244862e-02
7.176062747163210187e-02
1.544022225267239756e-01
1.063855922136721921e-01
2.554397215661149412e-01
1.750830860317739712e-01
5.457374556188069464e-02
2.005417506471958711e-01
1.999509347817671756e-01
8.126976450315152867e-02
6.772235698356945943e-02
1.012224538079524311e-01
9.572968832646114312e-02
2.785259873008593193e-02
1.247171508439891691e-01
1.759689331023585046e-01
6.205447941649678417e-02
3.253742081614425380e-02
9.036067983840258278e-02
7.046703930181826003e-02
7.757097017690559038e-02
3.959048771247841020e-02
1.091069657492900191e-01
1.259556954406134688e-01
1.205743060213773782e-01
2.683094864692112114e-02
3.605078561494700490e-02
1.461035265900980928e-01
6.625584700349503031e-02
9.007181513134678019e-02
2.897021475925154466e-01
6.184448953656687675e-02
2.151593187513392014e-01
1.569943906433437786e-01
5.277717755476664385e-02
2.228069479621072602e-01
8.118923550774871656e-02
2.015550975852414550e-01
6.006048255472768577e-02
4.728044138404095820e-02
8.685830845224341845e-02
1.205968932560054080e-01
7.824675712692469309e-02
9.341855907822538274e-02
6.349662968066373259e-02
1.022645715497796925e-01
7.617208517803213119e-02
1.066854936201343251e-01
1.116686880735625054e-01
1.602545384306537646e-01
8.950329993920067007e-02
3.234717799381035541e-01
1.632572261967585037e-01
7.967888302060747996e-02
8.413749462558320347e-02
7.121006605406805801e-02
1.847960333145831635e-01
1.006197870052018273e-01
1.243212216477675019e-01
1.097260987916681141e-01
4.788849122080215265e-02
2.578541355676438052e-01
4.832163977805410682e-02
7.613216628062914604e-02
5.672865311880778000e-02
3.654684834778361424e-02
9.613298951646827295e-02
1.160550080838463338e-01
1.358531721198121545e-01
1.414458628182784228e-01
4.031872393919643666e-02
5.651352826017996128e-02
2.009436982649324410e-01
1.375888973908584445e-01
4.539310609634789051e-02
5.770666082855818724e-02
7.800236792258609386e-02
1.096083314688495597e-01
2.437458544320565135e-01
8.852703082628919640e-02
9.021330902617376302e-02
5.122600156118724268e-02
9.004376628251285763e-02
6.639966855785491007e-02
1.911062990145063201e-01
9.634560275300275978e-02
8.330450255975577201e-02
2.495965606186958674e-01
1.420308304073184813e-01
4.655341170488024732e-02
6.900127917204725014e-02
4.296118377033299185e-02
7.193731563545552321e-02
7.848836171890945235e-02
6.067147979853803469e-02
4.019840190616228576e-02
1.163613006721286314e-01
7.813858109801237462e-02
6.999817462505027177e-02
1.012115729388888968e-01
9.429454518284408060e-02
1.535180244387711612e-01
3.974649185000939805e-02
9.664195501522551690e-02
1.730608518250616734e-01
1.364555861994836972e-01
4.151762402838874433e-01
7.236319761710954812e-02
1.546191296044357733e-01
6.159535879557844623e-02
8.446870452465907175e-02
7.740095212843052519e-02
1.233904977321509944e-01
4.545057021897520172e-02
4.904951316857730087e-02
1.066276129591796351e-01
5.869715103117209565e-02
3.860745800287731372e-02
4.272677252433931122e-02
6.584536754900584266e-02
1.035076343116356490e-01
6.193781601126446823e-02
7.697683617210199225e-02
2.422485256213590885e-02
3.973375114202735980e-02
4.981844836331857929e-01
7.359878145410624073e-02
1.885127380362081051e-01
8.392533360838380641e-02
5.003811864705682427e-02
7.103663708908766750e-02
1.537920632537793375e-01
3.225302033459429701e-02
1.450106963108553082e-01
1.025007071785188489e-01
1.047105173577138476e-01
2.721037615390617392e-01
4.117324705059630108e-02
6.440595242228305817e-02
1.497422350065972796e-01
5.112966371703124568e-02
1.097576282151150467e-01
4.037434598455223039e-02
1.944697939840894785e-01
1.159602939904519764e-01
1.993553131753549867e-01
8.677157073586212743e-02
3.441240384426309112e-02
1.185897698389606764e-01
4.997545370889550087e-02
8.929722108720107576e-02
5.945402907335836651e-02
6.184655044277040381e-02
8.845685443058705355e-02
1.608511393640016107e-01
1.907011889030305329e-01
8.645741888387346863e-02
3.267844867969019740e-01
5.928464735329250918e-02
5.554731312257851078e-02
4.652477984662362065e-02
5.037594776537924340e-02
4.888787279298034694e-02
1.790813174989006884e-01
9.485709145689480426e-02
1.459654006124173897e-01
6.267986977456853348e-02
1.165307456142868625e-01
1.607436765942694967e-01
2.480858954223928992e-01
5.387709803590133573e-02
1.022580220307077598e-01
9.291174126978528347e-02
2.768698467547189845e-01
1.134371675247903416e-01
2.456296590112215517e-02
7.508201656489249531e-02
3.354238674682839122e-02
6.286442918317483586e-02
1.300283466255113540e-01
4.676703187481912050e-02
5.040736730269199800e-02
3.769462183321371784e-02
6.538888582251829729e-02
7.618381146421825123e-02
1.060940925600824952e-01
5.905004795824124464e-02
1.665179644311595986e-01
1.042237223152956693e-01
2.574052873584908308e-01
9.537642929802396530e-02
7.373550177188659127e-02
1.028032697772384985e-01
1.962372178929438771e-01
1.948616799592766125e-01
3.390400162926664185e-02
3.978751526014797507e-02
1.413853154654417521e-01
6.285821380666302416e-02
6.197520180014975955e-02
6.650008549598553087e-02
7.101033843903988008e-02
8.882029953719333681e-02
8.332955148251926236e-02
1.785744778958584522e-01
1.267620838328425148e-01
2.631440797627945111e-02
7.393122196067788976e-02
1.199980285670673164e-01
2.004034829872863854e-01
5.788285089020056562e-02
8.724859788737722444e-02
3.462501186012974935e-02
8.788977710850814917e-02
9.904717478810742826e-02
1.461799237781117866e-01
2.228155182987478500e-01
1.228819281511870642e-01
2.121008875342598743e-01
2.069667659934403270e-01
5.658742531936794551e-02
5.381390064659915401e-02
1.978313270695977732e-02
4.680408275233478160e-02
2.297422399978158725e-01
7.924260361574111955e-02
7.719736712629597652e-02
4.157564778983146025e-01
1.081583097888334094e-01
4.956144456135230802e-02
7.974440763731621695e-02
1.589943334187197133e-01
6.338959903620715319e-02
1.094515898226974399e-01
1.119858769706447016e-01
9.823452889632375284e-02
3.823619927494147086e-02
2.084062356225562795e-01
1.442690535840549793e-01
7.853981685083022413e-02
4.406028377796027129e-02
7.271659365146752874e-02
7.963938923889568589e-02
1.834496794939079467e-01
7.157866922826509881e-02
9.419162427772249935e-02
1.010890994010562594e-01
1.960011543651564991e-01
7.002276086316756853e-02
1.335114732331197374e-01
1.565546418228881687e-01
7.776807498102158989e-02
1.452300405810302286e-01
9.996584532605820583e-02
3.241810620262557813e-02
4.499356954283378202e-02
1.678475390872760098e-01
7.516402000046755461e-02
1.356347503489794271e-01
5.809309431289746278e-02
7.501767031631989546e-02
9.274990303254972146e-02
6.314026643161850527e-02
1.004069037767641587e-01
2.067390078440031753e-02
1.651703983944411702e-01
5.254504199331284930e-02
1.691757827244749768e-01
1.247980405824537647e-01
5.231506745760945709e-02
1.308321108907721797e-01
1.611978312369899968e-01
8.878232769207398956e-02
7.982233064638349918e-02
6.262677684391936006e-02
4.077129445906167715e-02
5.967962474314681548e-02
4.424905622720982923e-02
8.477412444113700818e-02
1.107751007876043164e-01
7.889841312973612519e-02
2.934909783354787763e-02
1.450260721870863245e-01
7.195664911622558224e-02
5.273432693734820403e-02
1.761104527834429778e-01
4.165861060698974189e-02
1.445893712453399094e-01
1.152335703579279169e-01
4.862710842060841837e-02
8.878488503080249339e-02
7.728555754600008321e-02
8.896703855452188503e-02
4.745665791090440677e-02
2.654806660891648878e-02
1.336576931679751001e-01
4.391539210030698248e-02
1.476572498312890280e-01
1.769847665355278599e-01
7.756605403424746137e-02
2.989988012264879064e-02
1.832265244647165447e-01
1.126139323775359607e-01
1.385777602414288712e-01
3.440858094566447839e-02
6.364958849502953819e-02
1.096893536193630919e-01
5.815614583068618587e-02
5.798239133424591685e-02
1.219051552030297747e-01
9.636421667860084472e-02
1.646803163280907423e-01
1.267160781393438240e-01
4.232556832193268975e-02
1.053697268145711435e-01
1.353059928514479537e-01
8.580864441211359661e-02
1.141777150402719793e-01
1.124462846843401059e-01
1.416684762460721503e-01
9.447950325914733494e-02
5.205565737960282657e-02
7.662664043654009161e-02
8.361196628036147993e-02
1.870650329011275537e-01
7.495373205816992235e-02
9.827856162177042720e-02
2.616196691330767155e-01
4.105111635702329842e-02
1.015359104494166498e-01
1.081659226078405533e-01
3.359123737494068562e-02
3.329732248117395765e-01
1.701449497925241472e-01
8.282056103157997562e-02
5.305482863516641084e-02
1.675843071682133478e-01
7.102266833978944371e-02
1.052728995625881181e-01
5.613187018565075209e-02
1.173088380547949311e-01
1.586146859755646898e-01
1.546511722801008348e-01
1.467424835609238420e-01
7.451522110212505101e-02
1.236830452983398443e-01
2.896190632821079095e-02
4.500799158470199929e-02
5.420060496704938446e-02
1.466334150954590465e-01
1.786653228679360161e-01
5.022050269953540896e-02
1.104099721192479677e-01
7.156293074475465754e-02
5.337657926114287854e-02
6.439222648828835105e-02
5.816304684655319163e-02
5.235259227085620193e-02
1.208797991864182103e-01
1.106016403845271751e-01
8.236184110175227835e-02
8.582870820687471536e-02
8.389584099708449760e-02
1.047721283431920641e-01
7.204582610168239198e-02
2.072397825649621439e-01
1.368332462404135419e-01
1.533174917246185598e-01
2.747699860590931409e-01
7.161098098651307031e-02
5.182406676651341720e-02
6.676825163804915586e-02
3.337848278563262938e-01
7.135605168485854854e-02
8.367776813057115071e-02
1.115823600495824824e-01
5.703355461832648049e-02
8.333294020181773731e-02
4.525027980374682346e-02
1.067075763507097513e-01
7.964821390991520811e-02
1.865183106882896402e-01
1.082394797552889004e-01
9.461192371641202747e-02
4.525641388809566873e-02
3.989080064029036643e-02
2.620922038163248438e-02
5.943446868008032957e-02
1.087598174449358329e-01
1.856473864265081042e-01
3.787646131254837623e-02
1.083384607220396756e-01
1.297622281227902574e-01
4.615353739906129932e-02
1.364695912432956626e-01
1.170929644919341817e-01
2.881634390063845391e-02
7.752682899532481464e-02
9.352426855730666677e-02
1.131036122976572661e-01
2.875039914750765480e-01
3.602924772230447353e-02
5.729257885360473923e-02
2.416036049113192904e-02
1.241531369458912237e-01
9.174857018848532608e-02
4.961603539994349082e-02
6.587034089838489370e-02
4.981846018026680339e-02
8.814292142561994114e-02
1.274581653101364287e-01
7.011399209549883105e-02
1.898793304424686579e-01
7.145208437870469165e-02
4.864550638330243648e-02
7.454109162685039480e-02
1.311867467269535459e-01
5.386440508019153112e-02
4.784914722667460429e-02
1.282095491862616787e-01
2.265842779306604104e-01
1.252284079840392805e-01
8.610731268116039727e-02
5.434660783827396924e-02
7.022545793772037859e-02
5.544870462889283508e-02
7.283476035339846166e-02
3.350872955868766656e-02
1.437444409353152153e-01
1.521654803297306513e-01
3.497216164949252248e-01
6.476529738490291455e-02
4.662442027237494180e-02
6.751705749119857325e-02
3.430769143314357783e-02
9.393165008409987138e-02
3.834070811408647056e-02
1.034540959901272678e-01
1.065037045852649522e-01
6.940805231484827031e-02
5.914722996886701695e-02
3.897320812747019636e-02
1.123433622460656700e-01
6.276465889924551234e-02
6.244120127070802717e-02
7.910582528333437446e-02
1.204437185464106719e-01
2.287780785602371580e-01
6.307269667596258900e-02
2.201644911335559063e-01
8.655191628853940722e-02
5.462635207297144441e-02
1.307000365678898102e-01
1.186591166586411505e-01
4.092039294427569918e-02
1.114560867220586865e-01
1.134042488826943890e-01
4.768266655257627495e-02
6.536675835800365153e-02
1.620278302961210837e-01
8.035900560357953082e-02
3.955353614388972677e-02
1.365845670745130802e-01
9.875981117373235085e-02
4.557492619529666250e-02
6.668559056021539089e-02
4.707230012110934919e-02
5.906128682602403146e-02
1.078412225802833496e-01
5.382365655616767192e-02
1.915310415049165382e-01
1.136545316560594876e-01
1.492093488157429371e-01
6.889299356130977603e-02
7.808312902042884029e-02
1.688095985222938800e-01
6.852345379466540098e-02
1.086147050688826832e-01
5.812122578011985619e-02
9.008375055469466930e-02
3.568158773868820161e-02
1.866366550200430907e-01
2.296286643022399099e-01
1.046738023485115909e-01
1.540031463005641088e-01
8.539348413514401270e-02
7.546085267619657977e-02
1.831494168323958283e-01
8.336145267738880038e-02
1.459274624696125788e-01
1.297819664309653453e-01
1.185800529384016255e-01
1.379993359283210874e-01
8.583469610974424346e-02
2.187454798364725506e-01
2.354987312158326462e-01
1.229686947155820415e-01
1.726518704397657644e-01
2.050412569268212082e-01
4.636022620034937342e-02
1.811581309885488822e-01
1.161492188877287779e-01
1.240705652763483963e-01
1.479558523764035183e-01
4.114619320346814269e-02
3.727071830960086707e-02
6.782014513240475218e-02
1.507657599513749225e-01
6.489127777619958792e-02
8.133023225840822767e-02
2.593403350277165842e-01
7.042262224291107042e-02
1.911132334183245074e-01
1.075130168703682526e-01
4.097425694504648608e-02
8.505968497826155161e-02
2.175384469474888338e-01
7.616089463002820303e-02
1.819194767370269916e-01
7.268236440650067964e-02
6.674543993348587556e-02
1.028189912898006680e-01
1.001037857234044759e-01
1.072422887121701612e-01
7.657138932424965849e-02
1.310443633238181360e-01
1.785837017858346587e-01
1.798531084155107207e-01
1.315591628629285692e-01
9.166205873007715610e-02
4.523828483401732825e-01
1.082280578816811889e-01
4.664660969170927179e-02
7.953010994713889670e-02
1.643417872613289754e-01
6.723746684972090049e-02
1.240782288618210299e-01
3.468837841192547178e-02
6.640298004630235118e-02
1.212768686199927198e-01
4.395817330531499173e-02
1.855451859858685826e-01
1.554628238946792196e-01
8.307555844444446114e-02
1.200105367612372270e-01
5.057290824525352557e-02
1.002192637285301280e-01
9.364391762396154228e-02
6.884741739474292688e-02
7.020845981883538922e-02
9.214547228165619053e-02
1.502685748079252703e-01
5.748913599652082096e-02
4.063698164903925547e-02
1.295485712602306994e-01
2.600229125475105735e-02
3.610362273762839080e-02
3.699477232620538431e-02
4.035038259069297084e-02
8.537623592565349306e-02
5.287580178034335943e-02
8.025667864252894468e-02
7.235480639352832866e-02
8.356070345607073679e-02
4.997010042123808948e-02
1.259084566963549201e-01
9.768208741166971298e-02
1.063676703265640788e-01
5.801385843270252113e-02
7.346962931257013107e-02
8.709545806831085757e-02
9.060293583265283113e-02
2.563946782080583561e-02
8.108205003716963122e-02
9.093283955162423382e-02
1.717565710024478443e-01
8.197798441159800942e-02
9.414878140748166035e-02
1.303999358883796700e-01
4.354801615484767824e-02
7.588401476241191101e-02
7.981673921279720807e-02
1.244552201779891010e-01
8.707755751071016848e-02
1.059256753581396815e-01
4.680115960354788024e-02
6.706959309761326149e-02
1.313960490586760232e-01
4.532206920785460114e-02
1.498747399933770263e-01
7.286425997439752167e-02
1.354614639747795668e-01
8.325187364195019146e-02
4.090081750703942337e-02
1.298512929077249023e-01
1.098502056522166481e-01
1.405742211674869679e-01
1.476413964272720036e-01
1.825127601412492306e-01
1.091368562989543795e-01
1.023250245028850119e-01
7.276994264686655056e-02
3.998136474110286498e-01
5.290469968363314263e-02
3.145629606351523638e-02
8.086684488492267009e-02
6.383067466321090677e-02
6.318044715226110719e-02
2.075957403661787548e-01
2.368032460816107687e-01
7.476036365238075687e-02
8.053652900768415446e-02
1.150327949023995516e-01
1.056957030588846214e-01
8.341158704244013011e-02
6.198829044357596907e-02
8.839193844163650837e-02
3.983733253558160992e-02
1.414023383467280792e-01
1.451782174062120623e-01
2.589781130502558648e-01
1.388310771491932938e-01
1.019553159616605614e-01
1.235764375244062796e-01
9.549198666133723590e-02
3.692765500997634981e-02
2.407833903480696425e-01
1.878341457445776574e-01
1.819660552143063381e-01
1.356473362689132045e-01
2.672903268405068741e-02
7.573249784847850552e-02
5.143440187021847826e-02
1.947640662334804984e-01
1.446598778172851485e-01
5.724405033157429351e-02
3.944903581821052607e-01
5.728018862795447586e-02
7.638872641386992846e-02
2.062974604646888033e-01
6.544974609250600595e-02
1.051491411248752783e-01
8.742720847141859097e-02
9.528103208617003106e-02
1.047151969048651932e-01
3.980252016868114640e-02
7.201638691997103159e-02
5.522670834921316468e-02
1.432803980189730486e-01
3.562463382590729671e-02
6.430342649521982035e-02
5.496063068772150811e-02
7.612591676966468102e-02
5.529128775660624440e-02
1.428475526237454052e-01
1.049698578091525225e-01
7.823533236856319850e-02
3.014504389140107779e-02
4.586351389226472203e-02
2.612939531648443836e-01
5.518708905666502851e-02
1.936067161229012845e-01
8.456567460744961184e-02
1.177172641379181373e-01
1.715522830851401448e-01
4.255544309269629344e-02
1.006277770849936110e-01
7.722687431119512613e-02
1.032628244818103586e-01
5.884057220397879984e-02
6.692386629533170206e-02
1.110228828676243645e-01
1.832330818751198853e-01
1.102394528320759376e-01
3.945215326376057957e-02
4.181949654102283254e-01
1.602283366425596434e-01
1.359662678773339850e-01
1.162874509744795531e-01
1.689201861923940173e-01
1.106878944495238437e-01
1.297534974001600117e-01
5.753904806976910952e-02
2.301600403242121118e-01
9.165498697538598805e-02
6.015891464572739600e-02
4.825615474766500185e-02
1.632458089885800989e-01
8.666320130430242574e-02
1.114980169270578803e-01
1.845743772548234796e-01
5.126021395837232486e-02
9.209067881051365145e-02
1.135903882165143902e-01
1.580446088216963529e-01
1.284596220992286764e-01
7.529190410147400259e-02
5.581503784294410825e-02
1.484024269736969048e-01
1.285637391100434013e-01
9.940560780588711398e-02
8.195278275010446645e-02
1.855517890540240578e-01
1.101307550742004204e-01
7.577350347853080426e-02
8.551882212981254394e-02
1.466947695471697288e-01
6.487994549143355494e-02
4.978980329890507484e-02
7.212627386647357808e-02
3.232945490237739555e-02
1.255831955108892561e-01
5.768662756707932937e-01
1.566563789035243237e-01
9.424939920857113018e-02
7.185156827854928541e-02
1.570668637935732359e-01
1.223220864173400757e-01
1.000825807073583845e-01
5.153306824067468983e-02
1.169760066200999232e-01
1.037698731168147231e-01
1.083554004666950621e-01
6.052019807840104682e-02
8.781469456772017512e-02
6.537641410779035378e-02
3.205019782655850191e-01
1.354511903944380924e-01
9.837288399207927414e-02
1.260680771112534237e-01
7.135202385957363502e-02
4.166536227055041286e-02
3.183675943564885646e-02
9.330972421224131841e-02
5.001400464073459812e-02
1.286686463932810442e-01
9.470574114771329599e-02
4.759219218698471088e-02
4.633109697760675466e-02
2.398657063121734795e-02
8.203923000635245100e-02
3.756914550076018156e-02
5.577520456705459956e-02
5.840646093644118186e-02
1.278103997768404998e-01
7.925315488233444783e-02
1.221402453366059737e-01
6.702358806167170446e-02
1.043496835807653789e-01
9.746687626120383030e-02
5.293202777706319806e-02
9.061557390898217212e-02
1.414755893047431601e-01
1.745081768699680014e-01
6.841585148972910424e-02
2.802935255803627457e-01
8.025652478588722605e-02
3.371211480839656632e-02
9.318179315725778900e-02
1.895002889071878693e-01
4.043496432753210246e-02
6.961782216793208078e-02
1.279941987855311436e-01
6.424430783399713574e-02
5.899296931527795579e-02
8.592207807134592812e-02
4.827748391883560086e-02
6.925199944666426966e-02
1.316807264416811618e-01
8.890660703849183333e-02
1.398417786698655518e-01
2.302539183992643318e-02
1.296357925252835663e-01
2.658208086321105570e-02
4.046773134691295654e-02
5.127761974359321823e-02
1.163342201651761249e-01
8.399669000417320230e-02
6.122356519175458506e-02
1.335293993061120177e-01
7.960128687124790048e-02
3.885875070574863754e-02
3.013142045363062863e-02
7.885073660043745436e-02
4.015824424580800162e-02
9.113319139322968720e-02
4.608523765319549881e-02
1.135712073262553773e-01
1.747307615513667423e-01
7.830405699244748219e-02
3.384031933844202505e-02
7.513375561650721679e-02
4.890355600552817594e-02
2.351483330640521674e-01
5.289065450960226539e-02
5.650984868404953371e-02
8.916018357606068923e-02
7.421003230671545381e-02
1.015717521394878808e-01
6.080410545405270928e-02
3.313222017536821690e-02
1.678501840283506685e-01
2.334888294683373777e-01
1.094888008592500295e-01
3.060858115888600087e-02
9.597233897656459733e-02
4.891993172110607052e-02
1.267064681501106627e-01
1.862775764893828123e-01
6.980485513539691489e-02
9.047693287295788256e-02
6.415273925948764000e-02
1.320645585404098266e-01
1.088260570370671865e-01
6.785888583446118838e-02
2.651241362676783342e-01
1.740135815183059820e-01
7.544053671786890569e-02
5.196320745183703044e-02
9.383722804789555727e-02
1.528062763227633625e-01
1.678663464252544979e-01
1.646422509870669737e-01
2.897580381026646640e-02
1.116475953493961809e-01
4.003698957682302190e-02
8.544865308766391720e-02
1.467276612834144955e-01
1.094042555740588202e-01
5.854076384823263257e-02
1.573412196228629878e-01
6.570738125929793949e-02
1.363859494521517390e-01
1.679404871654194276e-01
5.226105949516170190e-02
4.861081960706341298e-02
2.064151214375857246e-01
3.314267511930987092e-02
9.245773080850552827e-02
5.358901973334230517e-02
7.835247994404198613e-02
2.214962354307299930e-01
1.885878896861356013e-01
1.779488130558140313e-01
3.209210051201685232e-01
1.406688856371946794e-01
9.502094472689696925e-02
8.873126909443286581e-02
2.100749176779250216e-01
1.126093110111077572e-01
5.549281348044637213e-02
9.618921011435796475e-02
3.556448487972378031e-02
8.167672359761417311e-02
2.422996477005475990e-01
8.794793919793779391e-02
1.864544727207204378e-01
1.035937577022072870e-01
1.350788295670470873e-01
1.374244744357560610e-01
1.398137450480413657e-01
1.882633635152209661e-01
7.938439587207528347e-02
7.149300882046179251e-02
1.194769247936691842e-01
2.042310850432962899e-01
1.328088349052994332e-01
9.100099148657594950e-02
4.938385060598957099e-02
6.776555386989027707e-02
5.903691305654254484e-02
8.292866400137001437e-02
9.022172566810264527e-02
5.672348661196356667e-02
1.054436286042194360e-01
6.898428663459586774e-02
7.445079929078733671e-02
8.543537660036434889e-02
8.943947026151771729e-02
7.432311387682588588e-02
4.781270148684717974e-02
3.807923004618474216e-01
8.864050573370074737e-02
2.010203315009442271e-01
1.807051898216585073e-01
1.308266145724861218e-01
2.025158635286095424e-02
1.122268284253118004e-01
2.057816147983972666e-01
4.485419023574146319e-02
6.910667343912733906e-02
1.316035839774802041e-01
4.170167276070656237e-02
1.316080704512347099e-01
4.419710201053906468e-02
5.406288164113046135e-02
1.415131667774998936e-01
5.876898663170322668e-02
5.329865658142032836e-02
5.421835194248306872e-02
4.167221496466936431e-02
5.256027373605406255e-02
2.045453297675744186e-01
6.249336398791634911e-02
9.201733690738606031e-02
7.714562013411610519e-02
1.120722693305897244e-01
1.780060838784414401e-01
3.370434327585275502e-02
2.799323965891116206e-01
4.764504778559627840e-02
1.275955536679823366e-01
2.973836922162832741e-02
1.938058045411968910e-01
2.366035730430067763e-01
1.184811045293615028e-01
3.921749204128758409e-02
5.666945128805588733e-02
3.845870289617075305e-02
6.044826600513961840e-02
5.710492787633693335e-02
1.812389408326456897e-01
6.965677507756233566e-02
1.481728981895624186e-01
1.540548510652386960e-01
2.046772698324892947e-01
7.643956908547971940e-02
6.867329545642308908e-02
2.752154663228859738e-02
9.557775255189306096e-02
1.792572394376070466e-01
9.714476661506379895e-02
4.207823456021110575e-02
6.772881413868582501e-02
1.281834879327384269e-01
7.986983540829123429e-02
6.347499158397040819e-02
2.078655541598563306e-01
8.497979958718122895e-02
1.439842989730902301e-01
2.467875808697045023e-02
6.270814106988951975e-02
6.206170176622743256e-02
1.659314784058820991e-01
4.734574328757684691e-02
7.312908986144690815e-02
3.260627066373328331e-01
4.265326981062989714e-02
1.160746426194565056e-01
9.614124274319862939e-02
3.470729011591138641e-02
2.060544846264062424e-01
6.633250660903459994e-02
4.192397352059507032e-02
8.820460559291588842e-02
6.338390158479682845e-02
1.267598729957276626e-01
1.022564925063481206e-01
9.761056432803938421e-02
4.478236640550586900e-02
8.450513324081226907e-02
4.243737513736139944e-02
4.359756911655282563e-02
9.248795279983994255e-02
6.564286515024335411e-02
1.233388976572789980e-01
3.384560876003948893e-02
1.161971917991696246e-01
2.364826576038487616e-01
3.681356409628608328e-02
2.476555237914205843e-01
8.982396758445020113e-02
1.135214235634503660e-01
7.767918146160306125e-02
1.086388086694935751e-01
1.304341247417627470e-01
7.870864324963817993e-02
1.020183391660766797e-01
3.233369573601104635e-02
1.966189324646362702e-01
1.404826955301166080e-01
5.739173011387724288e-02
5.306263663526377128e-01
9.929980215022350676e-02
6.704007039592246864e-02
1.785683959584558889e-01
6.093508171008661656e-02
5.197656158697774170e-02
2.658413052916713468e-02
4.349085137838118453e-02
2.434050850421067558e-01
1.104613290788803714e-01
2.066759112169114926e-02
1.419762905343211756e-01
8.748725483425563720e-02
2.248498923177781328e-01
8.634164142036648837e-02
1.603014126033144859e-01
6.605026590733194258e-02
3.962406800441077570e-02
7.359276365541359000e-02
6.896218261480777101e-02
3.682334264090687120e-02
9.741023300176925026e-02
2.622221389192090357e-01
6.447535395930117930e-02
4.905827991342441574e-02
5.775598061834377739e-02
1.105272654436926794e-01
1.220877281267307157e-01
1.843778692911703099e-01
5.945093212481643991e-02
1.685315830998370679e-01
6.216465806040786385e-02
6.108984404189125167e-02
1.157702963083179770e-01
6.589717754241349035e-02
1.340925746403335839e-01
8.338823519809200613e-02
5.254425228835911399e-02
6.397131571907797853e-02
5.305262974043142149e-02
1.240218795163774979e-01
7.337425332126265576e-02
1.548556008379432247e-01
3.119043458631937452e-02
6.645865589486125991e-02
1.063598561099406009e-01
7.144724767757498762e-02
6.302388366491049054e-02
8.110998703129236598e-02
9.971668759229403156e-02
1.653171334451699892e-01
6.325781364556781750e-02
9.425625007154755930e-02
1.107294802176265053e-01
1.047420750614605212e-01
5.479898959032579453e-02
1.025426791250047959e-01
6.023557156156412323e-02
6.821674571115082797e-02
1.100900577349651355e-01
5.379702000228375053e-02
5.460575529499703956e-02
8.907189287432334956e-02
6.465581631736590229e-02
4.184022108111859484e-02
7.197980389269476031e-02
1.803812851991320465e-01
3.993117261080222913e-02
1.563715042778925646e-01
3.617195908405738958e-02
4.848863672138972736e-02
4.180533927969404262e-02
5.487206199769079085e-02
2.749835192335766121e-01
8.580935838526311532e-02
7.839582955967402955e-02
7.493726609494234803e-02
7.311839778749755492e-02
1.613060299492826422e-01
8.903100085937347419e-02
3.029796871408847389e-02
6.520208969714119673e-02
9.489956646680577923e-02
1.785009805818440487e-01
3.115518080173442644e-02
4.604285887022230295e-02
3.822588702897050661e-02
9.605668193958123713e-02
8.205776679255272210e-02
4.311185372687121459e-02
6.595853049350525188e-02
5.697537714943553405e-02
3.132299691456000290e-02
2.242379211398568273e-01
3.363983512371913204e-02
6.127017371512397115e-02
3.863130566123471055e-02
7.498353648629602075e-02
1.136499158907960105e-01
5.099780405133400724e-02
5.091296382544427401e-02
2.052183203263640010e-01
3.903046805082829168e-02
1.856663225450912724e-01
8.100152574382678272e-02
5.375622900375508911e-02
1.524567477591413645e-01
1.017200012092888961e-01
1.499596381548324309e-01
6.237900494835913606e-02
1.112293139972912182e-01
6.530706151233049706e-02
4.147010998203141258e-02
6.659860993744291802e-02
4.564995823688824256e-02
1.381470732632613108e-01
1.302007599399035154e-01
1.246034730204484825e-01
2.287512882561593131e-01
5.114801576882368334e-02
1.288225428547801199e-01
1.624850684503853226e-01
2.120638480232883705e-01
9.554324565450982021e-02
1.207719144460319832e-01
5.285115281493237005e-02
3.853897598352817172e-02
1.079584912952349651e-01
3.240479894405392386e-02
1.253184671214651602e-01
4.195972222521775208e-02
7.963389498696445135e-02
9.460530277999826265e-02
2.058760461067895287e-01
1.925811597793935723e-02
1.523868771331726990e-01
1.469347906948254290e-01
5.094668125242474838e-02
5.224972937024081887e-02
1.202226829174817962e-01
4.390026101959525889e-02
1.154214910922191500e-01
1.751855163343480348e-01
7.868113906768713084e-02
6.807828866593976236e-02
5.367672194259773960e-02
9.809617584750435215e-02
1.373630263386648731e-01
2.383199662022827958e-02
4.953142938969942732e-02
9.380919984519714427e-02
5.434122792136499014e-02
9.443455214937063191e-02
3.182376581254604125e-02
2.922541458417835525e-01
9.892647290674931593e-02
1.486743302364458563e-01
1.396308393840667572e-01
1.468105944841609778e-01
4.157790956418822709e-02
1.105716557629691787e-01
3.431899602955452988e-02
7.403707283980193177e-02
4.833322391638952831e-02
1.954144504516674152e-01
6.050445215402196902e-02
6.955227039141971546e-02
8.594327657368458495e-02
8.060500250853670778e-02
4.494756980654129874e-02
6.208704795924960274e-02
3.955533301399667689e-02
3.656480591474593062e-02
1.577833928896395788e-01
3.006718237533512750e-01
7.518595710010365918e-02
7.548879927176341265e-02
2.564555020119924089e-02
7.228615174780821107e-02
1.262866811615667162e-01
7.134632280112025715e-02
3.958545168091749389e-01
3.388602536558844164e-02
1.263669101658617122e-01
1.671684497664291669e-01
7.355951318538750394e-02
6.995136701398228796e-02
1.590478314974125840e-01
9.536793595335842089e-02
1.796682337118599981e-01
9.633471705320340028e-02
4.041556810568801283e-02
1.295792123875372792e-01
4.940066645502631110e-02
2.076265937860166666e-01
1.539814464041517617e-01
5.597443311297135848e-02
1.765094915386860863e-01
8.206472994328585513e-02
9.780302463304005323e-02
1.167458503950705023e-01
1.416575019464372809e-01
2.246795646119465473e-01
7.163334277764213387e-02
9.577192774885945337e-02
1.151432668469210413e-01
1.591372199465015402e-01
2.345000191352327942e-02
5.998473944647575440e-02
9.431080825348807373e-02
1.113566659718563806e-01
4.938093837982944490e-02
2.738053786281205437e-01
1.731781918711950974e-01
1.541119300388058277e-01
1.978653052054410721e-01
7.656197821608705378e-02
2.224937083437437957e-01
8.009557164936124962e-02
2.519289814950084194e-01
1.609803063974464543e-01
5.193224209924181961e-02
8.882963326903783874e-02
1.685376113276670640e-01
5.610202329252754472e-02
1.317449976831802372e-01
1.659181613213625561e-01
8.930580728826868764e-02
3.567442541047016746e-02
5.458424069047360105e-02
6.377822622224565974e-02
6.608611712452137910e-02
6.928768046199176855e-02
5.033240439612220174e-02
8.519577590708619919e-02
3.527827843200809221e-02
7.300241888599154350e-02
5.142182361322183287e-02
3.622064851584228667e-02
2.239044054147256990e-01
4.730811773381606022e-02
2.715359773512988212e-02
1.109282334237039064e-01
1.583462859011577906e-01
5.184889085392913738e-02
6.148524133762254401e-02
1.320150994147543944e-01
5.096372943681527767e-02
8.048785131756604205e-02
2.324547853118150986e-01
9.130513036451758102e-02
8.813975899071198328e-02
1.331562335216275594e-01
6.859072370396017415e-02
4.974957419114340446e-02
1.706658386060937727e-01
6.796082790788154915e-02
1.055453379077198467e-01
2.612653114361672690e-01
9.721137960113077070e-02
7.996392725628802267e-02
1.856488572201869247e-01
9.954903318722260752e-02
5.546861099634431413e-02
1.261269971300933435e-01
5.310970649961077594e-02
8.196464669706995942e-02
5.221095334112643704e-02
7.402150996853867904e-02
9.328386165537752572e-02
2.583085816388405731e-02
2.078259414843858510e-01
1.404711826302359745e-01
5.201522198236393363e-02
2.699354270833467795e-01
1.147402215776434364e-01
7.482015119713235352e-02
4.575397933526723082e-02
7.976568946048626096e-02
5.091753009198306257e-02
9.896709078287642403e-02
5.186066216734323137e-02
8.522592915050228313e-02
3.220273136811377390e-02
4.043029343732017222e-02
8.224486353982046749e-02
5.563226645441007173e-02
1.710553912999770998e-01
3.012255044884738497e-01
6.823741969384791717e-02
1.070952565689896330e-01
1.699732738126167320e-01
1.404629182197460746e-01
1.921224090147836405e-01
1.381565836816896209e-01
4.891403968656639345e-02
2.736085815937524743e-02
4.832274567130037668e-02
4.203145481783678028e-02
4.020835021270192933e-02
4.079488280940494344e-02
6.662815168487275230e-02
1.890683555039076869e-01
4.161090625483718913e-02
4.094615746302009834e-02
5.311181950664248252e-02
5.136166850953863272e-02
4.559211330859263417e-02
1.599879123339262299e-01
7.775829151391148997e-02
3.901947489427230048e-02
5.210159537554930331e-01
1.036649189715180830e-01
7.165916754029087732e-02
1.823047931103317365e-01
1.016049269351041173e-01
4.559032280459122261e-02
3.539393718306931003e-02
2.856890805039453141e-01
1.460887772028530429e-01
5.868601416379817109e-02
9.001843015733415609e-02
1.148434937163162889e-01
4.849156574875023579e-02
8.847709108218272667e-02
4.351712903785364545e-02
7.064217710555449614e-02
7.715134157566444495e-02
6.335890216373819828e-02
3.956474853460870134e-02
1.242723873890590885e-01
1.060447039318832413e-01
1.010330577953567066e-01
1.451809885821111201e-01
1.831942169861404957e-01
9.142914748379309120e-02
2.789042144676725718e-02
6.924550734605873503e-02
7.765305040085250521e-02
1.744523535070815756e-01
6.546862057684525726e-02
8.032466279157657318e-02
2.709736173917299054e-02
5.394719065778779549e-02
7.636361493878167372e-02
1.404171782552018910e-01
8.507738492678054709e-02
8.657779824354343290e-02
1.155172070397777334e-01
1.741293679445564679e-01
1.128214562373310581e-01
5.439768852067492499e-01
1.651019116657067576e-01
1.657826213396604298e-01
2.245740293911014374e-01
6.508539391379890293e-02
1.093811242691084956e-01
1.037326864537973931e-01
1.183627000221708081e-01
1.394207842584546109e-01
1.540394584828334301e-01
6.325057799835900885e-02
2.010034645199998415e-01
4.090206959674412557e-02
6.299485256893233576e-02
6.444224850110073788e-02
5.022132224100422232e-02
1.129910765363045522e-01
2.185078709306866318e-01
1.234626748202608121e-01
3.293735900974922859e-02
7.313958109729055967e-02
1.383607421839889440e-01
1.773774822615974689e-01
9.279433222371663570e-02
3.698439297597017755e-02
1.062237810690149775e-01
9.812613035577065490e-02
1.422570632148635605e-01
8.997201560089496120e-02
1.118641426764999114e-01
8.102114541410128379e-02
7.535964330945102430e-02
5.396167528352778520e-02
6.249289859379088263e-02
7.539015757737939361e-02
3.666326289043228548e-02
6.596180457766490091e-02
5.043164334359331175e-02
1.513550561230888047e-01
3.792376153928541660e-01
4.042361817500813442e-02
2.014429948797607783e-01
7.254281177281760029e-02
8.229085758762783032e-02
9.305406825245138291e-02
6.759644310441592641e-02
8.196689518677077735e-02
8.438684094772391786e-02
2.172300896737988651e-02
1.106562715492364762e-01
9.504850137668469090e-02
5.181468319974375653e-02
7.987534439626987892e-02
1.163569179653222291e-01
4.000407886991991235e-02
1.006484271643738326e-01
8.197518293442909720e-02
3.490262988366666930e-01
2.784434311586401686e-02
1.427700164478269418e-01
9.351948154892093801e-02
7.555490890590706166e-02
